Chr ChrL ChrStart
1 249238520 0
2 243186611 249238520
3 197900375 492425131
4 191043517 690325506
5 180715694 881369023
6 171016449 1062084717
7 159128550 1233101166
8 146300622 1392229716
9 141105225 1538530338
10 135523246 1679635563
11 134945810 1815158809
12 133838353 1950104619
13 115109311 2083942972
14 107289436 2199052283
15 102520751 2306341719
16 90274477 2408862470
17 81151920 2499136947
18 78017073 2580288867
19 59118758 2658305940
20 62965185 2717424698
21 48101690 2780389883
22 51237063 2828491573
